3,4
96087.460425,693590.143567,372212.092347,152859.228670
621349.540618,324558.949061,384380.257759,995051.046325
264321.856225,837845.185678,847886.766896,49788.599073

3,4
807623.015898,314866.253882,929529.038283,191716.041160
359139.693323,317625.201988,833649.519395,324261.752064
617795.138471,594120.097081,585594.901251,726643.288179

4,6
829878.482878,128053.107625,933444.808093,195740.374456,42462.518964,395468.811322
793478.381145,269370.848737,998874.407761,445817.468455,395833.447548,343773.710811
113235.400602,831114.360170,418088.724234,401083.191627,13430.104739,624007.543713
714549.069657,525986.836701,81015.748839,777302.827031,103710.903016,272526.828896

6,2
930489.946963,382161.961067
579206.498398,496647.994188
711238.873273,251224.622005
28484.704706,70524.870217
93657.711183,487315.809759
985084.235032,215947.439224

5,5
544361.163794,54829.061045,853064.818198,335026.212154,545710.684365
507587.777340,702915.673301,75591.247272,123290.815995,125645.488386
346026.731019,652582.213908,261269.676728,519032.243669,61813.329999
112129.302028,493964.084891,888502.000422,87019.479496,44328.795553
844964.837321,733879.064327,76787.516152,616035.342010,481306.166399

5,5
122395.281813,648662.572214,957713.566965,305220.177753,212447.336688
719223.615732,828614.807904,86132.147965,665569.656715,33998.969848
171024.743308,632451.780528,441091.020498,880941.043458,156543.705361
311981.081983,76574.310165,96872.856674,87023.502999,806767.110613
161849.815991,210322.487244,73918.314436,621114.938369,347715.561420

8,4
283787.059742,393203.844784,845554.562370,647635.789551
402888.308356,567769.487747,128644.615482,667428.589607
842184.023963,23326.058143,658458.159698,473045.266451
244202.729792,789196.653194,796158.253192,320251.578878
179152.880305,887232.704466,544837.318512,429445.291698
207577.601883,959221.857715,136934.370797,591528.155214
301503.384297,709552.533614,110626.061431,307943.298821
375266.486763,976894.273788,126615.849525,814253.633346

4,8
244742.183129,354997.337619,32350.989135,806292.771451,989992.705322,604570.953930,321357.946121,983975.669835
188905.288339,798634.811429,998621.529523,459887.077514,595754.443027,638633.742936,33536.700944,126700.720934
585265.361379,953523.162582,247434.644402,475202.930279,352302.468884,300331.560384,65422.228950,68706.134707
281310.216104,625582.758416,790005.587966,106166.059239,345441.856266,488856.730169,417707.491837,628663.624790

6,6
819196.375487,288450.480804,494467.281202,636539.873673,829742.103733,860859.767029
516295.713742,228129.014660,278109.998923,590164.873990,509640.343435,571958.227152
131861.720453,664963.315348,693277.647147,572913.773134,85056.563398,145275.072714
140316.446450,438992.741433,576446.452110,788827.458698,966652.629251,826209.499127
329081.364654,816869.035437,304151.296328,336588.433895,159949.110432,557844.970410
693440.572787,561047.207887,778043.700748,891162.894781,980700.794639,445039.993579

6,6
319627.720240,348116.181662,274313.088855,419389.391100,53337.390418,361943.360386
277129.104788,707317.735984,845964.497776,45256.276080,636704.103741,482454.777072
365960.510993,379020.770446,36138.204556,972402.970904,975661.689424,396277.681771
61278.160876,337324.523330,606471.329296,137530.843997,32168.825353,316212.540463
498585.315500,639295.528242,842888.778127,865771.113602,349434.544998,767370.559913
875872.140818,759550.689718,143134.214416,114537.322287,157127.831273,16557.032292

7,3
401820.287652,495913.392549,192454.037850
357401.714757,86364.639946,99615.191965
809380.134714,464542.507450,380018.831363
335037.456331,975341.681876,194979.776622
563145.985331,754628.090501,17600.175341
5790.292423,630806.227972,977228.777858
477955.695687,385057.751218,416695.864712

7,3
78249.423682,373928.839270,411230.525877
969127.464751,783552.395429,751528.591668
948560.276353,650866.716972,443331.701761
284374.645041,855904.311542,320847.636521
94838.782192,509523.641498,949271.123265
798414.256424,876005.441964,538949.205677
580709.970950,576853.766195,611433.470940

10,8
902370.502347,796023.072013,87091.487514,718388.896657,762903.811644,282190.365337,740008.127357,73145.604909
34106.945570,346154.344041,742575.671280,53396.180673,435353.039121,371695.046847,358611.828356,791687.475926
886870.411207,140619.798149,918655.607106,40673.631696,729633.099516,458429.719958,669633.583203,277742.978444
397776.343528,650794.888001,920591.812755,981011.732143,354879.437167,146703.968493,289814.869560,262879.408021
980257.385517,19784.558340,719695.779857,978255.703891,464793.911422,687006.571347,712387.639140,574500.929552
986676.704324,698937.103025,888911.079735,500630.782264,393330.803325,404155.262286,201588.624388,120091.997322
403748.600664,502078.855418,341755.926516,487881.797611,243658.359991,563043.923698,997701.905368,365233.973252
741728.576810,638221.579674,806895.685021,395588.277397,191343.077644,679625.915448,481952.661029,33941.336130
372310.252323,751461.150709,301415.645079,765796.534408,293324.936267,481634.366962,768280.961186,35613.674851
735357.543518,724695.264966,580991.448466,992296.329517,525886.924495,12283.226964,713210.250300,502174.358445

8,10
876885.901538,46526.250874,301000.078698,267669.374494,180091.895299,986871.294012,219390.572638,177203.352918,478950.512135,486954.850635
449797.956871,423312.073297,481295.223438,468221.608189,29813.312750,579630.307797,501263.314784,61676.106154,3941.027904,455620.597244
904754.833718,128284.382256,189734.330160,743071.950689,405608.611999,327797.495756,75765.851931,877488.976886,644957.301824,706553.231333
605900.990920,61802.545446,412715.520912,387795.037147,8719.022375,343314.734727,321745.334635,519816.115716,206644.592434,608035.187899
240876.113419,434935.009653,334007.834791,357580.259267,63887.256185,939514.034207,588583.051518,742276.112345,180806.890233,809789.558861
203059.462623,197845.340800,768901.406711,952985.222435,821460.889798,736162.328049,429410.131718,662348.725266,500963.270880,185695.753388
285037.053743,768878.848357,834552.918032,237708.353643,526274.010024,352809.124810,684423.105551,901552.034057,408701.615635,737806.413427
522363.403181,768167.006163,323628.221778,382281.641609,660401.933039,30129.166970,362871.707565,397496.780837,386426.818980,234217.006459

6,4
442774.619081,781513.688038,772074.961539,336713.197871
75527.497245,720782.969814,123426.940327,594526.084317
689965.921028,933933.017731,269777.884015,58923.468767
300619.755085,258928.493303,493165.504369,162101.855890
757792.451661,506872.668833,283596.548760,395528.377287
651741.230678,337408.325854,675107.282012,549461.638997

6,4
273189.483108,788725.178568,270995.064561,39473.815212
961881.239952,176148.678549,32547.615011,285706.871722
313143.677936,674946.338361,728969.232378,832007.960746
178788.489151,227821.388478,995881.690444,356258.741337
685318.002868,485107.203990,252935.817468,417267.789704
97567.998811,294542.683715,674022.902664,551682.030454

12,12
877326.012738,532990.056241,775084.849838,42172.708311,676250.120150,815634.865677,753467.072061,430254.843207,162975.933039,603250.199002,88765.623311,217956.219474
397248.776346,302433.426720,957522.228459,539568.158010,3483.927688,63946.067022,678913.281040,787821.118345,246413.776969,70775.842806,117082.575081,272869.609913
610760.830761,513426.348492,790537.461465,284520.040286,510616.052580,416526.646800,108476.341298,509849.047422,533284.193956,230779.155516,133158.367892,423217.273516
18218.415889,533000.970625,394495.277357,464954.439205,572219.155114,285603.653755,393774.244837,145069.484986,914746.754479,645807.180341,115520.020136,678460.820297
83559.620105,391598.712083,94893.615814,87132.529760,539044.639929,287788.064654,613755.521297,767070.105117,969064.825728,417835.898629,231736.401825,646920.639091
462693.006434,8266.657232,770969.821398,809381.751196,139646.210941,66417.009757,594813.061721,974752.874794,621356.867003,206792.780145,196269.977513,91956.650609
541487.371128,470374.510066,601837.611930,949376.498281,304095.341045,506192.725701,639258.769595,850222.902333,462440.125558,443983.224041,629628.738934,53718.195509
737913.007366,676534.597394,195474.338448,539061.178685,885436.009835,380230.998149,985941.567523,276301.503085,498899.934907,294790.601419,454436.942237,700906.116698
89502.198758,160588.273496,963334.703402,828330.014350,85504.906413,199283.754016,601602.349830,341765.476517,292305.177531,699104.109354,416570.053400,640627.548720
301763.971347,274016.515562,643175.461830,769639.813278,269073.153272,101109.797735,464461.246969,962826.472414,437712.854774,529280.968731,253625.745594,849920.991830
27356.936028,555588.395447,552082.124778,886202.970639,838597.363664,346484.750720,653735.425020,645488.946497,689054.025339,338878.405745,94022.530972,639957.672487
574515.083346,434041.095670,412076.036968,774552.992615,490462.909886,309008.841245,88287.000068,898269.079694,276306.785577,926823.747384,986130.097399,873830.178090

12,12
321700.614456,475649.576794,436462.907563,761614.779370,458903.672638,453271.323395,293597.490556,269450.540522,566431.438542,817576.449018,167191.732985,455027.893594
136568.763686,436129.636118,167820.545071,694293.524328,984404.325881,878083.089142,703896.519672,511051.084974,671809.448876,830774.906280,724429.624800,171104.792942
354780.809082,244283.393971,761291.769192,985774.188569,555765.000952,483755.899347,516363.806066,412804.429856,232968.106893,687156.033158,785757.621671,24454.984516
662972.276202,279928.825702,843643.373655,193434.975087,414385.905070,422998.899133,191582.550124,40316.403875,760538.443190,313183.201477,67087.751827,947148.450455
825722.171240,95671.881245,489886.755457,230592.443007,201586.764731,93471.763064,396201.444951,807596.078934,679237.345961,640527.960904,403277.795144,171751.170008
292796.565281,649058.673533,607324.620781,665405.602105,301359.772048,510935.568337,790181.815032,599131.900863,510863.649494,296110.696795,26592.338462,739600.173403
26620.850748,922953.807118,775032.314719,944620.078587,213677.823876,466934.508012,756767.251498,658068.524873,830210.126940,225411.436731,520387.799288,99255.009310
778610.903480,332575.285062,832009.550092,207773.315286,450530.235348,997460.677548,803850.393264,624481.596136,769968.574607,347856.614396,606298.581923,526012.613056
132605.613851,876166.602631,362106.701583,112739.746016,477713.187289,27929.149500,520767.575581,798425.298357,910423.994535,310282.919627,361271.354258,576061.579545
936447.892393,958831.011964,218111.618264,888288.528692,992240.473585,310556.497208,875882.454983,662433.335698,252473.032787,370376.351777,12960.684423,330888.186266
437065.874749,389133.703209,725042.663660,330122.226691,227066.394686,128614.505730,444476.736864,309476.496364,338415.621353,997080.775759,105215.459209,925611.591914
944143.063208,69849.836372,537801.123555,38393.461576,902214.380738,510109.010988,48032.421100,408724.635315,555215.173098,953083.207659,412798.058125,663439.562413

5,7
845165.102429,312069.455567,756432.879921,167600.209982,838745.651451,823387.589887,667719.589243
122407.591126,722955.817138,372632.473419,954533.052369,550070.229130,932091.988390,175609.683140
707991.432516,108638.412596,564060.312453,51551.398001,700170.434076,696455.768624,862093.390059
986088.875111,221558.562981,106145.286670,16295.071886,698601.595290,779658.059396,941229.067937
354076.656677,540049.082083,494235.414668,190684.479884,547095.753041,219599.054775,946827.382033

7,2
24227.253607,453606.746464
650534.876125,172597.411393
271381.820314,936378.040492
925358.728609,813644.371220
665753.502628,964898.741398
972054.239797,20449.682904
274609.138591,62833.787194

4,4
167121.167324,645641.654215,166966.313325,313135.713815
477440.522423,622029.076543,601638.812965,895591.758081
223031.607232,399445.001089,664424.816944,315104.781369
194205.829421,738434.060259,868775.313118,378260.842564

4,4
395011.870044,355657.599435,130251.350865,681680.748445
668879.957036,407741.668671,153969.598589,67000.387909
411472.988824,948009.523788,670873.021574,923906.379626
799615.598965,999952.235207,268219.472113,1193.994782

6,6
30263.440823,597247.121993,735750.934880,821937.051101,518402.142135,376081.485991
136156.929756,69889.907119,930591.784733,30874.369034,376289.149501,932283.734726
34787.120798,366409.783405,335757.058694,704039.530769,206406.590402,269417.247799
572138.180114,901505.817516,68377.433858,909135.939883,659477.089185,377398.108014
286345.532708,783834.892599,981613.243598,171852.747683,680826.811934,844832.195363
93450.356988,487342.722544,266505.779255,125866.309476,135208.768190,183245.789869

3,3
820684.783782,728599.563380,951205.822098
747746.381978,630930.747955,132340.472788
329221.239859,215878.903676,974670.146777

4,5
300971.768890,823901.173575,885454.485161,804733.707772,162703.900881
679238.785064,904281.804723,414139.675368,700155.629284,704055.045771
655028.037245,825248.571413,947999.526765,452300.854596,343497.403718
920174.964885,426992.545814,653724.400811,627397.273217,90614.152771

5,4
876362.659628,383282.064015,737575.230535,571154.293972
263255.854326,890045.718734,902818.326350,205637.452988
259094.261512,994839.137849,863231.228314,796120.154729
86449.623126,541091.109905,737398.535640,8252.291542
265131.520792,611171.786576,740856.836803,827350.445716

7,3
231811.102636,953959.540732,464475.211310
71825.113827,622108.692243,187273.365888
379846.361954,118695.661614,125534.128066
75419.264383,440282.715962,402673.257427
160086.417901,56450.821741,358354.271907
546152.108974,655484.651905,858336.367275
884166.024458,121656.174008,778500.258681

7,3
167720.706626,261665.564563,414674.107677
709548.461702,305794.125516,551305.776477
932498.074073,889231.707792,85688.112788
596630.941035,345498.678505,733561.376424
349586.225346,173553.432442,224035.489232
224458.756594,12765.444275,109857.509189
648904.079482,600656.047074,803831.891809

6,8
85289.812437,292990.067091,559695.071640,956656.699857,559032.218034,686947.038896,647745.510053,311922.454408
639301.578256,399059.933289,944814.531545,484843.952798,685817.237517,672393.747911,647860.890377,905286.632787
797310.416065,740041.272869,202486.550804,884812.252275,891021.528089,266076.015062,494779.079544,763730.072926
903217.550520,452372.511184,221612.557516,376234.299386,877396.626588,812959.611849,848102.099113,587717.847409
139845.563149,252867.816298,791531.644390,688993.110443,797420.900022,154143.997224,349930.927961,710957.105776
482805.524055,693921.100579,179798.004456,244279.189273,251145.779518,317323.776051,893398.016801,827782.049768

8,6
626610.082840,332906.198878,282290.535890,24145.147047,300929.637034,99139.603031
144929.678689,121773.238814,639215.433010,592420.585357,890231.958892,188441.002618
355389.386852,720698.422799,379848.011798,120867.888126,748096.283750,991646.515315
913617.454335,109793.502995,227034.173480,595760.910868,600078.727012,939571.158515
889166.082618,922886.078223,475246.366050,108068.505732,982247.123480,773796.083794
388012.180995,391906.956469,873552.486832,414490.257473,896774.155120,968518.920214
959625.138485,997769.904134,705188.603720,729520.785377,273682.232742,960138.934962
350807.705279,566461.373415,504188.924627,365984.905616,601908.686912,711048.027343

6,4
945262.940611,356944.928558,636267.866817,814599.495052
314598.489943,852948.053462,316530.980083,906212.085101
620042.891561,517817.013461,826065.156060,594674.484261
621102.901523,373056.304706,675925.019770,859209.627715
928255.019446,426132.275316,794908.640641,155953.261691
952643.312692,601146.671473,566690.492953,686544.011937

6,4
686104.704640,3592.060971,64366.793273,446798.578174
283789.758512,657674.694622,365930.393070,973119.315585
492585.809613,338097.316640,445643.912442,588397.147081
673582.378510,781862.591557,260012.355567,683964.482241
868602.010555,454360.197925,215759.539861,334037.919201
838553.620653,157726.146739,128747.264397,364570.446428

5,5
541651.299366,733254.818661,883403.729175,577057.776034,44365.090052
208854.659645,807959.676430,376373.369420,678876.055628,410603.990908
800413.178818,524748.113674,779533.353803,667691.689968,325894.590995
576301.863509,810006.958672,469691.928142,868792.091536,570808.054884
655498.878022,353136.543238,733533.941889,699294.508173,330608.998769

5,5
989682.431765,471624.445699,703599.718707,332265.685720,183805.228578
246209.830358,486645.025516,404602.809024,736907.672372,281746.981204
400593.348435,167466.179482,243709.345481,495393.891466,292289.595963
627793.130724,275847.215574,124374.190910,984999.299665,274884.797485
397001.024527,314388.829453,36028.541668,743168.169181,584230.150868

3,3
541723.119375,855347.215900,675348.472327
443174.631992,242370.464307,690373.884001
88139.666509,720110.158329,935784.822994

3,3
629215.345198,173299.865357,485302.419155
550599.109622,398060.615363,208832.811601
817256.092812,560925.716999,863841.354851

9,5
252975.393473,486295.343864,927852.193072,570857.228256,443461.466514
624041.919088,356914.810490,741106.763218,297265.002877,249618.720632
778444.812967,691043.906426,1407.212415,340209.784132,131483.268690
857141.704997,913806.790971,820892.668263,81108.952007,128454.787871
696750.504265,746806.692019,322492.273758,361555.863355,471499.829960
775805.910782,325471.952611,552957.590658,841357.437455,881232.173955
890306.660787,711743.074534,584245.045821,444505.414346,427387.180438
571567.208892,622755.759805,837065.552591,771955.416334,235844.878329
560269.595948,456607.007026,65168.919691,9493.239805,619033.853582

5,9
316844.822355,711928.154475,492875.690628,688202.776052,440795.749445,660776.296140,684993.949084,347059.645883,115351.254407
485107.696195,994583.675980,360887.259742,121511.481427,551687.497255,323326.646178,663933.818443,47542.820941,26679.826559
190397.034221,14039.200153,428089.197617,238943.544794,853161.930411,493357.003882,462795.347768,644185.290812,170972.568658
811935.346390,481895.432939,677085.511084,270104.585524,765106.401095,305643.435058,691290.819797,411246.903191,612526.090876
670377.275726,411506.238048,512618.285357,178013.285774,739157.965117,609973.456628,583368.510135,422692.333836,804015.178285

3,6
412103.150269,995634.960822,81301.205369,385447.473280,30475.366132,682169.285734
523548.023876,566570.776327,367399.290798,968193.789630,601394.835325,136682.261917
578196.239703,905973.151865,798917.974521,641286.093038,908864.236888,342832.480378

3,6
293388.985016,630679.535965,498934.069057,659494.493163,908652.310025,741678.169294
688113.941011,645564.039508,209109.727134,726107.777173,604170.100525,239547.409148
397301.994724,501977.065088,464926.041774,38767.254379,759692.238349,690973.571116

4,4
998157.652445,931028.414581,931572.086320,81134.709727
113438.468850,121619.542646,603831.326894,31570.075872
806147.777323,911475.719078,7227.826380,176218.074979
808084.359799,887936.320791,745815.582453,651498.659212

4,4
946901.479742,774786.324134,310141.100383,950627.582354
47571.583258,8578.011690,93558.312456,460487.944963
800715.155565,551594.741875,208326.448789,834680.983502
345129.067931,622019.952917,181326.361879,190628.205454

6,2
855703.168531,221782.363264
458482.486863,404310.992856
858700.883511,778969.927261
532122.395582,195621.258079
914328.487849,136038.709720
283126.444261,308336.956510

2,6
90824.956920,206286.441300,28932.169094,320991.745713,674359.070944,386057.103684
303306.274044,902237.909461,897129.648432,310042.912504,307082.192232,649039.802996

8,4
680054.286475,407669.537635,113314.308790,91208.815606
256245.105381,763557.016407,699807.867483,901171.182954
699765.808307,602970.504126,819590.161744,124424.979022
576745.578443,605729.978855,233933.441120,273383.405718
473154.471414,810746.812020,501835.643019,550964.430517
220442.521011,606158.011708,793341.371347,216824.086063
882363.362302,43972.923272,356331.860541,284527.150147
715058.975636,576798.408249,222716.715323,973810.415768

4,8
532502.085444,112160.782128,926821.672473,429754.092170,931327.456393,15599.716074,8844.375660,163627.107596
533977.757628,452764.159973,216882.845037,424598.765165,316286.343066,539078.776956,319389.149857,608839.005320
855165.878999,589962.215304,344385.579876,69593.527111,366736.125870,696034.965494,866367.067633,370507.683067
344606.746834,396680.650592,679743.002665,938862.084531,15091.441268,720001.106351,643131.566881,187309.642882

6,6
921547.914248,614845.750296,613414.584128,407146.668035,869955.576873,929620.098711
69722.958966,970846.326246,199399.058960,341351.097846,527476.902139,249278.607861
476902.386585,384032.570496,595649.481018,666687.902247,957796.495815,511731.206039
697698.013648,248448.002212,550373.742261,551864.235778,638374.749354,901437.929375
678083.757984,248597.051298,460859.561717,905340.969432,109642.139806,821877.475349
931116.157882,240531.077838,91253.574172,680349.846943,835088.696124,785842.727008

6,6
439667.558773,546629.004356,796143.034882,722916.072734,901655.895636,745042.754349
773015.421581,952393.211078,598148.907375,960336.700392,868330.174969,605686.950337
539626.714439,512216.648707,706637.185375,318009.563637,656749.428105,794033.235543
462221.307076,984935.372516,549994.055204,574456.277184,788781.055357,102144.820659
652907.178772,175258.592970,112892.844349,988218.699388,375053.163870,368373.494390
973056.570480,238226.089373,82865.553182,814825.042496,81283.882332,701169.517243

10,10
610024.319367,102310.243716,940550.885409,982050.364830,439189.280819,843902.692633,484562.635716,438187.996536,422982.412685,456083.321437
409849.179708,446853.439164,719371.949810,784125.703285,105139.199324,747727.366171,784876.987603,78286.002174,697618.777787,96763.159763
441729.507570,875938.876942,70554.224148,239462.339406,47577.904878,923430.269674,652999.963317,555827.034398,958737.534688,696056.407309
397177.764300,57787.590276,973548.013385,911348.199128,175529.275510,332985.817031,150105.024081,847071.876065,859568.250725,137181.565229
178968.927490,830473.628323,636416.108920,569009.207674,259046.224156,758086.797800,283922.524352,160789.517366,693314.245493,574502.671620
956848.325020,763814.514471,152978.814134,827575.248591,135996.167444,264770.794617,514213.527145,483408.856724,190254.160787,187840.469168
983285.020203,334586.590147,234755.629909,776661.064631,207758.154609,967950.691296,7695.810255,266374.991404,138306.161048,245229.259528
282167.219705,123160.644641,352179.190561,414066.818796,845338.555213,912540.199448,95778.773717,224422.001423,701700.042576,306002.375864
425081.515750,575685.967262,249801.806813,87340.515790,241732.806997,127139.548310,176534.114406,64407.975202,872512.984427,639884.534901
631957.336455,619674.263809,671696.670180,464321.227480,798064.421439,913925.193184,774534.789737,833502.898287,846408.330702,270973.445403

10,10
961417.396715,650107.240343,547729.750295,926075.248623,366004.207636,733211.094979,256468.983276,901263.098591,496357.048811,589249.488647
305331.873440,534283.767162,860099.601342,540003.296017,280690.534403,955258.468581,759486.300060,359481.011812,655185.100801,999505.868490
837925.446206,809292.549393,637513.020264,590790.229583,56420.485003,740215.849670,86422.192628,241171.320009,465028.975330,454194.125519
263608.225013,180822.115951,497598.737307,616422.660934,372049.189494,869391.939125,44238.335775,766760.478956,638464.637061,348086.148692
192442.850945,82000.165527,882358.421187,924312.879503,224650.335098,358128.490704,659412.433570,113119.000835,10018.856618,572442.693834
414323.001835,965478.628390,185533.238135,364722.221582,2844.175135,744742.587990,927031.435518,959255.810014,71160.833734,945922.544244
332452.913550,344852.383910,519000.591345,810840.355056,747633.343915,619271.972291,76527.089471,718349.818515,703164.175918,371002.857662
276270.494990,319939.034038,621504.501216,292168.442518,321630.377674,67072.169082,130497.987892,494962.495958,380570.182195,314738.906520
17472.137744,715563.141301,743359.300049,49152.810698,843687.196034,774802.342534,519868.706370,538494.587595,790914.396858,347809.221655
962609.039031,689113.314882,805178.842920,879488.611548,34508.335533,179838.542457,446492.212128,385335.504448,700513.958348,916702.507608